100
1 3 18
2 5 10
1 1 3
3
1 1 2
1
1 1 23
5
1 4 22
7 18 20 21
1 4 26
7 13 23 26
1 2 18
4 9
1 1 7
1
1 1 10
3
1 4 29
3 6 12 26
1 1 7
3
1 2 29
28 29
1 1 27
2
1 1 30
1
1 2 8
6 8
1 1 30
30
1 1 21
21
1 1 26
5
1 1 30
28
1 2 25
2 24
1 4 16
12 14 15 16
1 1 1
1
1 2 30
22 29
1 2 21
1 4
1 3 20
5 8 17
1 2 27
23 26
1 3 20
4 8 13
1 2 23
5 6
1 2 12
6 12
1 2 28
25 28
1 1 28
1
1 1 2
2
1 2 18
1 14
1 4 22
2 3 10 17
1 2 3
1 2
1 3 30
4 9 17
1 3 13
3 4 11
1 3 30
5 8 14
1 2 29
25 27
1 2 10
6 10
1 1 25
6
1 1 16
2
1 5 30
1 2 4 8 15
1 5 5
1 2 3 4 5
1 3 6
1 2 5
1 4 17
12 13 16 17
1 4 24
3 21 22 24
1 1 21
18
1 3 26
8 23 26
1 1 9
6
1 3 20
2 6 12
1 2 17
14 16
1 3 18
11 16 17
1 1 2
1
1 1 9
4
1 4 18
10 12 17 18
1 1 27
12
1 2 7
3 5
1 2 20
5 8
1 3 20
2 4 10
1 2 27
3 7
1 2 21
19 20
1 1 30
1
1 4 30
17 18 29 30
1 5 16
1 2 4 8 16
1 1 24
13
1 2 28
10 25
1 1 4
4
1 2 13
4 9
1 3 16
13 15 16
1 3 21
1 8 21
1 2 26
2 7
1 1 27
1
1 4 17
1 4 7 13
1 2 24
6 9
1 3 22
1 3 7
1 1 29
29
1 3 29
18 25 28
1 3 14
4 7 13
1 2 15
1 5
1 4 23
1 2 6 11
1 2 3
1 3
1 3 20
14 16 20
1 3 14
8 13 14
1 2 23
9 22
1 1 30
4
1 3 9
7 8 9
1 3 12
3 4 10
1 3 6
1 3 5
1 2 25
21 22
1 2 12
3 6
1 3 9
2 4 8
1 2 25
23 25
1 4 16
1 2 4 8
1 1 29
3
1 3 18
4 8 17
1 2 12
2 3
1 2 20
4 8
1 4 27
1 6 12 20
1 1 27
21
