100
1 1 7
1
1 4 19
12 15 18 19
1 1 1
1
1 2 8
7 8
1 2 2
1 2
1 2 26
5 7
1 4 29
6 14 23 29
1 1 30
2
1 1 29
5
1 2 28
2 4
1 3 22
1 4 7
1 4 25
1 2 5 12
1 1 18
5
1 3 26
20 21 26
1 5 27
2 22 24 25 27
1 3 10
3 4 9
1 2 27
3 7
1 3 19
4 7 13
1 1 2
1
1 1 17
1
1 3 13
3 8 13
1 4 29
18 25 27 29
1 4 20
11 17 18 19
1 1 1
1
1 2 8
3 4
1 3 12
2 3 8
1 1 27
24
1 3 6
1 2 5
1 2 29
27 28
1 2 21
8 19
1 3 10
2 4 10
1 3 14
3 6 13
1 3 23
4 8 15
1 2 21
11 19
1 2 3
1 2
1 2 11
4 5
1 2 26
16 18
1 3 14
1 6 9
1 3 20
5 10 19
1 3 11
9 10 11
1 2 28
1 2
1 4 27
5 6 13 26
1 1 11
6
1 2 6
3 5
1 4 28
20 24 27 28
1 1 28
4
1 3 28
5 22 27
1 3 23
3 5 10
1 1 2
2
1 2 25
13 24
1 3 20
5 9 18
1 3 22
15 21 22
1 5 30
1 2 4 8 15
1 2 26
8 17
1 1 25
3
1 2 22
4 21
1 1 30
30
1 1 1
1
1 2 24
5 15
1 3 21
4 13 15
1 1 5
4
1 1 30
1
1 1 5
3
1 3 23
5 7 15
1 2 18
6 18
1 4 27
2 7 13 27
1 1 26
9
1 1 2
1
1 3 28
19 21 27
1 2 30
11 19
1 2 15
1 5
1 4 29
2 4 10 17
1 1 26
26
1 1 21
5
1 2 25
19 23
1 5 16
1 2 4 8 16
1 3 22
4 6 14
1 1 14
4
1 4 22
2 3 6 14
1 1 11
3
1 5 20
1 2 5 11 20
1 2 29
24 29
1 3 6
1 5 6
1 2 27
5 25
1 2 18
4 9
1 2 7
5 6
1 4 15
7 8 13 15
1 5 5
1 2 3 4 5
1 3 30
4 11 30
1 2 28
23 28
1 4 16
1 2 4 8
1 2 17
4 8
1 1 24
24
1 3 29
3 8 15
1 2 23
4 9
1 3 26
18 24 26
1 5 26
15 17 18 24 25
1 4 18
15 16 17 18
1 5 26
1 3 5 13 25
1 1 1
1
