100
2 4
10 5
3 12
7 7 7
3 12
4 2 1
5 1000000000
25 25 25 25 25
2 2
1 1
5 5
1 1 1 1 1
5 448257424
1 2 3 4 5
5 915742169
18 7 21 11 25
5 634708326
9 9 9 9 9
5 91644076
25 25 25 25 25
5 820372308
25 25 25 25 25
5 718144378
11 11 11 11 11
5 478958975
2 2 2 2 2
5 804966977
3 3 3 3 3
5 198972956
21 21 21 21 21
5 18732317
20 20 20 20 20
5 230565228
19 19 19 19 19
5 583737833
5 5 5 5 5
5 25468047
8 8 8 8 8
5 241583180
14 14 14 14 14
5 81591824
1 1 1 1 1
5 194639779
16 16 16 16 16
5 277451383
25 25 25 25 25
5 737709708
11 11 11 11 11
5 602277620
14 14 14 14 14
5 734174850
11 11 11 11 11
5 941624150
13 13 13 13 13
5 848455881
16 16 16 16 16
5 509612103
19 19 19 19 19
5 388155907
16 16 16 16 16
5 765589730
12 12 12 12 12
5 606840460
21 21 21 21 21
5 27874822
3 3 3 3 3
5 821971123
1 2 3 4 5
5 882059119
1 2 3 4 5
5 715920856
1 2 3 4 5
5 910981186
1 2 3 4 5
5 928629769
1 2 3 4 5
5 69985269
1 2 3 4 5
5 760097713
1 2 3 4 5
5 582444245
1 2 3 4 5
5 368796490
1 2 3 4 5
5 548054195
1 2 3 4 5
5 899394387
1 2 3 4 5
5 100261337
1 2 3 4 5
5 75020988
1 2 3 4 5
5 87364092
1 2 3 4 5
5 653519154
1 2 3 4 5
5 711391478
1 2 3 4 5
5 551483064
1 2 3 4 5
5 249493597
1 2 3 4 5
5 795308694
1 2 3 4 5
5 900351666
1 2 3 4 5
5 147531771
1 2 3 4 5
5 198941144
1 2 3 4 5
5 929761586
1 2 3 4 5
5 364089305
1 2 3 4 5
5 129751063
1 2 3 4 5
5 522041258
1 21 15 5 24
5 114714426
4 25 4 14 22
5 625457081
22 1 18 1 4
5 238050768
17 7 1 14 12
5 84958141
17 23 10 21 20
5 266433090
10 3 23 22 14
5 421252099
3 20 10 13 6
5 995789718
17 24 21 17 6
5 129719914
12 13 13 6 8
5 346026731
23 5 10 23 12
5 331860321
1 7 13 8 25
5 396937032
23 15 12 20 19
5 273328591
1 18 9 7 19
5 916961557
11 21 4 22 13
5 8021484
21 22 8 22 17
5 375329159
6 18 14 8 21
5 123156855
18 21 19 22 15
5 48384724
2 22 3 8 15
5 713746071
24 7 1 13 11
5 769610390
22 22 16 17 20
5 120615597
25 22 13 25 20
5 379435352
11 16 14 24 11
5 666051718
17 11 24 2 14
5 924354944
9 20 21 2 6
5 378462732
19 2 22 22 2
5 491420799
14 14 1 1 21
5 209659151
10 10 3 19 2
5 789555192
10 9 10 5 20
5 564383580
6 23 8 5 23
5 593643166
18 1 1 5 21
5 751134409
24 8 1 4 6
5 685942612
15 15 7 7 13
5 370710245
25 18 14 10 25
5 716397028
6 7 6 20 16
5 266571050
7 6 6 25 18
5 570716227
2 15 8 7 15
5 229570003
8 19 6 7 25
5 711933339
17 13 25 22 23
5 629221377
25 11 19 7 12
5 912901358
3 7 10 11 3
5 904213840
13 7 2 25 1
5 614771192
20 2 14 1 1
