100
4 4
0 1 4 2
5 5 0 1
6 3 2 8
8 9 4 9
4 4
7 1 2 8
4 0 6 7
6 9 5 8
8 4 3 7
2 2
8 1
5 8
8 5
7 6 5 4 5
6 5 4 3 4
5 4 3 2 3
4 3 2 1 2
3 2 1 0 1
4 3 2 1 2
5 4 3 2 3
6 5 4 3 4
1 10
0 1 2 3 4 5 6 7 8 7
2 5
4 3 2 1 2
4 3 2 2 3
2 2
1 5
2 2
9 5
6 5 4 3 2
5 4 3 2 1
6 5 4 3 2
6 5 5 4 3
5 4 5 5 4
4 3 4 5 5
5 4 5 6 6
6 5 6 7 7
7 6 7 8 8
4 4
5 8 7 9
4 3 2 3
4 2 1 7
6 9 3 8
4 4
9 7 7 1
7 2 9 8
7 1 2 6
8 0 1 7
2 6
4 4 3 2 1 2
5 5 4 3 2 3
2 4
3 3 2 3
4 4 3 4
4 4
5 3 5 8
5 0 9 9
9 9 0 9
5 3 1 7
4 4
6 2 4 9
6 0 1 7
4 3 2 4
5 2 1 5
2 3
7 6 7
7 6 7
4 4
6 4 9 5
3 1 7 1
5 3 4 2
8 9 6 9
2 3
5 4 3
4 3 2
4 4
9 9 6 4
8 7 0 1
6 2 3 9
8 1 0 7
1 1
9
