100
4
10 5 15 5
2
100 100
8
81 81 81 81 81 81 81 0
6
23 90 40 0 100 9
2
0 0
10
100 0 100 0 100 0 100 0 100 0
10
100 100 100 100 100 100 100 100 100 0
5
2 26 24 34 0
6
14 37 86 4 16 24
7
34 94 48 54 75 74 26
8
15 47 38 5 30 73 40 62
9
44 6 15 43 1 66 78 99 80
10
27 60 18 8 11 53 64 47 69 82
10
0 2 31 27 13 9 19 66 88 83
10
18 98 55 47 71 6 28 90 0 4
10
51 17 32 33 38 82 29 90 53 23
10
67 61 42 2 0 88 98 17 89 16
10
86 72 59 65 31 12 57 6 53 74
10
16 87 74 8 95 78 16 25 7 83
10
71 29 55 68 34 58 11 80 51 56
10
18 24 30 15 0 79 19 24 59 8
10
43 44 9 47 56 78 12 47 19 22
10
80 55 99 58 90 69 3 80 84 49
10
89 4 90 3 19 55 37 49 57 53
10
41 67 15 25 90 94 97 15 25 91
10
82 43 9 10 12 43 36 23 60 18
10
43 98 77 17 0 40 14 80 86 1
10
85 61 29 40 21 82 46 54 93 6
10
55 74 13 57 3 4 77 39 71 52
10
54 80 0 82 25 56 56 97 1 51
10
33 23 18 61 93 64 79 64 84 21
10
47 89 11 48 9 54 80 16 40 32
10
69 52 90 56 92 75 31 14 26 6
10
44 79 95 90 62 53 17 25 13 9
10
45 46 25 38 75 94 64 32 8 90
10
10 66 50 46 76 58 93 37 59 19
10
96 95 0 8 35 28 26 29 18 75
10
67 54 3 31 39 9 25 18 80 14
10
64 59 35 74 57 86 71 86 79 25
10
6 47 10 75 78 59 11 10 65 85
10
77 93 43 79 68 23 46 37 45 47
10
89 88 58 28 10 94 96 48 25 61
10
61 72 62 51 80 87 24 30 17 47
10
78 40 21 39 64 15 33 46 12 39
10
41 14 39 83 15 2 92 77 86 13
10
81 48 38 82 4 65 14 87 64 54
10
21 70 58 25 36 54 17 16 53 9
10
93 94 58 14 68 37 6 83 79 65
10
70 7 85 30 18 50 6 53 70 37
10
77 36 10 8 23 12 93 0 81 91
10
70 33 99 88 57 75 0 22 10 8
10
13 94 79 98 63 96 92 66 33 57
10
9 22 66 98 92 40 13 39 51 92
10
49 55 79 75 67 94 33 81 97 94
10
0 59 90 30 50 67 48 75 29 47
10
72 66 8 27 7 61 59 64 72 34
10
60 43 29 25 9 70 1 53 8 34
10
23 11 78 74 15 83 87 30 5 72
10
49 94 71 22 62 22 46 47 21 45
10
83 95 7 58 68 57 32 78 1 71
10
15 83 71 47 3 6 37 22 81 16
10
2 83 89 3 38 2 46 24 59 68
10
0 93 98 2 85 15 36 74 54 84
10
58 73 70 25 37 15 36 88 78 79
10
21 88 17 84 21 78 77 28 77 60
10
55 77 23 74 67 84 45 59 29 82
10
37 2 71 42 98 67 90 43 73 27
10
65 53 62 30 42 85 97 26 54 85
10
49 35 51 58 10 83 47 64 36 43
10
45 64 16 39 97 48 51 47 76 62
10
34 33 71 65 86 22 94 91 42 11
10
14 59 77 99 96 13 75 77 99 51
10
44 81 66 99 26 38 15 31 25 85
10
48 76 59 86 69 79 59 88 57 48
10
43 19 18 12 60 99 50 38 87 61
10
30 2 24 99 97 38 35 22 67 39
10
86 9 72 59 26 15 32 43 73 88
10
54 81 80 21 50 41 57 95 48 11
10
39 94 20 70 52 32 25 32 35 19
10
27 80 88 78 0 74 82 15 21 20
10
60 38 51 60 88 82 83 38 19 63
10
97 50 26 72 83 2 91 45 63 58
10
75 86 78 85 65 27 2 39 17 10
10
74 15 55 64 24 13 74 50 75 91
10
8 28 89 13 12 87 80 56 50 2
10
56 95 66 98 9 48 65 97 18 7
10
57 33 41 72 19 19 29 64 56 62
10
47 2 63 81 15 10 0 41 19 18
10
62 3 50 48 37 83 10 94 28 60
10
33 63 73 78 85 22 54 91 95 36
10
8 32 93 67 23 24 77 22 39 55
10
2 23 96 1 53 2 5 21 67 41
10
28 87 67 87 46 64 7 89 37 36
10
67 22 57 68 16 97 48 95 99 38
10
33 88 80 34 78 27 39 87 83 75
10
64 29 31 14 20 59 0 73 2 97
10
11 13 1 90 53 75 10 45 43 3
10
55 12 91 13 15 90 40 53 77 49
10
22 33 21 92 29 57 13 60 25 11
10
4 56 89 16 68 45 24 32 86 25
